Input data:[(0.6616174715113513, 0.10015622678450886), (0.9411184716417437, 0.8233552169940094), (0.5867345753961718, 0.5833357193652904), (0.9054711771871424, 0.7816600313821959), (0.15453036475611548, 0.7921709548828152), (0.9327054246195237, 0.7673603175356375), (0.9848583684449982, 0.9016046663384784), (0.7721500102912368, 0.725984019130253), (0.2914874532294134, 0.5957432352210089), (0.8777530943071897, 0.41251233831633793), (0.1924100972088849, 0.6486341430635872), (0.5411594140655607, 0.4156073220492622), (0.31650811758191455, 0.657339648708057), (0.8615146012191041, 0.6153122994085735), (0.4786316884073363, 0.010641588374976307), (0.9039675996694437, 0.24718912994044517), (0.07976625550045757, 0.5835375249954812), (0.633377317290011, 0.12156559150325652), (0.385410276687729, 0.9444265736389866), (0.5986325468927982, 0.9754693518713773), (0.8876267253862774, 0.11276994799814821), (0.9541660793515131, 0.9309608514657817), (0.7522588762484507, 0.1814467271878517), (0.3878558975414921, 0.9562471035186255), (0.6479737059846992, 0.3302731864684971), (0.38594861981644635, 0.9600817962794592), (0.9199382713633117, 0.2862555100998234), (0.5244574511455511, 0.07798453941286843), (0.8769649975977561, 0.3790179315154951), (0.7959284872651011, 0.26850425162558034)]
Hull data:[(0.4786316884073363, 0.010641588374976307), (0.8876267253862774, 0.11276994799814821), (0.9199382713633117, 0.2862555100998234), (0.9848583684449982, 0.9016046663384784), (0.9541660793515131, 0.9309608514657817), (0.5986325468927982, 0.9754693518713773), (0.38594861981644635, 0.9600817962794592), (0.15453036475611548, 0.7921709548828152), (0.07976625550045757, 0.5835375249954812), (0.4786316884073363, 0.010641588374976307)]
Input data:[(0.3214624475930209, 0.7658502355460967), (0.3986663795967198, 0.3815003822739301), (0.3255905108064414, 0.1112139275281635), (0.38267278678995953, 0.25566793701689006), (0.20262113072703047, 0.20821524837281968), (0.018194816878564835, 0.21218684602668791), (0.27451889952844843, 0.45915620115053), (0.36716687194693143, 0.10695679483573683), (0.28373579338233845, 0.7749095740355455), (0.48734739087587586, 0.9302602903345729), (0.6758893206865162, 0.4293160911589623), (0.389117173797897, 0.06387397549060958), (0.2858659897238721, 0.8593888432166759), (0.8882299722974758, 0.14917005948303985), (0.5930407353081377, 0.5122094174168328), (0.8779030063253993, 0.8328076184454456), (0.03849858199520739, 0.3993107000710703), (0.27554111582673546, 0.42122442300809637), (0.16444808251383647, 0.6380126733814249), (0.8470934742477266, 0.3259310618543565), (0.08312133378849551, 0.1594097979381096), (0.19630426928946543, 0.7146634358726783), (0.09270509024255091, 0.5733364059755609), (0.7436212491706741, 0.34007702615545854), (0.38248698963328065, 0.015557060768917275), (0.2741202940180104, 0.4086117985549246), (0.8984790515927069, 0.5655868286337714), (0.38773181891606856, 0.25692271806445366), (0.4532911077201095, 0.6109098665660305), (0.12069423690968384, 0.4919984652435909)]
Hull data:[(0.38248698963328065, 0.015557060768917275), (0.8882299722974758, 0.14917005948303985), (0.8984790515927069, 0.5655868286337714), (0.8779030063253993, 0.8328076184454456), (0.48734739087587586, 0.9302602903345729), (0.2858659897238721, 0.8593888432166759), (0.09270509024255091, 0.5733364059755609), (0.03849858199520739, 0.3993107000710703), (0.018194816878564835, 0.21218684602668791), (0.08312133378849551, 0.1594097979381096), (0.38248698963328065, 0.015557060768917275)]
Input data:[(0, 1), (1, 2), (2, 4), (3, 8), (4, 16), (5, 32), (6, 64), (7, 128), (8, 256), (9, 512), (10, 1024), (11, 2048), (12, 4096), (13, 8192), (14, 16384), (15, 32768), (16, 65536), (17, 131072), (18, 262144), (19, 524288), (20, 1048576), (21, 2097152), (22, 4194304), (23, 8388608), (24, 16777216), (25, 33554432), (26, 67108864), (27, 134217728), (28, 268435456), (29, 536870912)]
Hull data:[(0, 1), (1, 2), (2, 4), (3, 8), (4, 16), (5, 32), (6, 64), (7, 128), (8, 256), (9, 512), (10, 1024), (11, 2048), (12, 4096), (13, 8192), (14, 16384), (15, 32768), (16, 65536), (17, 131072), (18, 262144), (19, 524288), (20, 1048576), (21, 2097152), (22, 4194304), (23, 8388608), (24, 16777216), (25, 33554432), (26, 67108864), (27, 134217728), (28, 268435456), (29, 536870912), (0, 1)]
Input data:[(0, 1), (1, 2), (2, 4), (3, 8), (4, 16), (5, 32), (6, 64), (7, 128), (8, 256), (9, 512), (10, 1024), (11, 2048), (12, 4096), (13, 8192), (14, 16384), (15, 32768), (16, 65536), (17, 131072), (18, 262144), (19, 524288), (20, 1048576), (21, 2097152), (22, 4194304), (23, 8388608), (24, 16777216), (25, 33554432), (26, 67108864), (27, 134217728), (28, 268435456), (29, 536870912)]
Hull data:[(0, 1), (1, 2), (2, 4), (3, 8), (4, 16), (5, 32), (6, 64), (7, 128), (8, 256), (9, 512), (10, 1024), (11, 2048), (12, 4096), (13, 8192), (14, 16384), (15, 32768), (16, 65536), (17, 131072), (18, 262144), (19, 524288), (20, 1048576), (21, 2097152), (22, 4194304), (23, 8388608), (24, 16777216), (25, 33554432), (26, 67108864), (27, 134217728), (28, 268435456), (29, 536870912), (0, 1)]
Input data:[(0, 1), (1, 2), (2, 4), (3, 8), (4, 16), (5, 32), (6, 64), (7, 128), (8, 256), (9, 512), (10, 1024), (11, 2048), (12, 4096), (13, 8192), (14, 16384), (15, 32768), (16, 65536), (17, 131072), (18, 262144), (19, 524288), (20, 1048576), (21, 2097152), (22, 4194304), (23, 8388608), (24, 16777216), (25, 33554432), (26, 67108864), (27, 134217728), (28, 268435456), (29, 536870912)]
Hull data:[(0, 1), (1, 2), (2, 4), (3, 8), (4, 16), (5, 32), (6, 64), (7, 128), (8, 256), (9, 512), (10, 1024), (11, 2048), (12, 4096), (13, 8192), (14, 16384), (15, 32768), (16, 65536), (17, 131072), (18, 262144), (19, 524288), (20, 1048576), (21, 2097152), (22, 4194304), (23, 8388608), (24, 16777216), (25, 33554432), (26, 67108864), (27, 134217728), (28, 268435456), (29, 536870912), (0, 1)]
Input data:[(1.0, 0.0), (0.9781476007338057, 0.20791169081775931), (0.9135454576426009, 0.40673664307580015), (0.8090169943749475, 0.5877852522924731), (0.6691306063588583, 0.7431448254773941), (0.5000000000000001, 0.8660254037844386), (0.30901699437494745, 0.9510565162951535), (0.10452846326765344, 0.9945218953682733), (-0.10452846326765333, 0.9945218953682734), (-0.30901699437494734, 0.9510565162951536), (-0.4999999999999998, 0.8660254037844388), (-0.6691306063588579, 0.7431448254773945), (-0.8090169943749473, 0.5877852522924732), (-0.913545457642601, 0.40673664307580004), (-0.9781476007338057, 0.2079116908177593), (-1.0, 5.66553889764798e-16), (-0.9781476007338057, -0.20791169081775907), (-0.9135454576426009, -0.4067366430758002), (-0.8090169943749475, -0.587785252292473), (-0.6691306063588585, -0.743144825477394), (-0.5000000000000004, -0.8660254037844384), (-0.30901699437494756, -0.9510565162951535), (-0.10452846326765423, -0.9945218953682733), (0.104528463267653, -0.9945218953682734), (0.30901699437494723, -0.9510565162951536), (0.5, -0.8660254037844386), (0.6691306063588585, -0.743144825477394), (0.8090169943749473, -0.5877852522924732), (0.913545457642601, -0.40673664307580015), (0.9781476007338057, -0.20791169081775898), (1.0, -1.133107779529596e-15)]
Hull data:[(0.104528463267653, -0.9945218953682734), (0.30901699437494723, -0.9510565162951536), (0.5, -0.8660254037844386), (0.6691306063588585, -0.743144825477394), (0.8090169943749473, -0.5877852522924732), (0.913545457642601, -0.40673664307580015), (0.9781476007338057, -0.20791169081775898), (1.0, -1.133107779529596e-15), (1.0, 0.0), (0.9781476007338057, 0.20791169081775931), (0.9135454576426009, 0.40673664307580015), (0.8090169943749475, 0.5877852522924731), (0.6691306063588583, 0.7431448254773941), (0.5000000000000001, 0.8660254037844386), (0.30901699437494745, 0.9510565162951535), (0.10452846326765344, 0.9945218953682733), (-0.10452846326765333, 0.9945218953682734), (-0.30901699437494734, 0.9510565162951536), (-0.4999999999999998, 0.8660254037844388), (-0.6691306063588579, 0.7431448254773945), (-0.8090169943749473, 0.5877852522924732), (-0.913545457642601, 0.40673664307580004), (-0.9781476007338057, 0.2079116908177593), (-1.0, 5.66553889764798e-16), (-0.9781476007338057, -0.20791169081775907), (-0.9135454576426009, -0.4067366430758002), (-0.8090169943749475, -0.587785252292473), (-0.6691306063588585, -0.743144825477394), (-0.5000000000000004, -0.8660254037844384), (-0.30901699437494756, -0.9510565162951535), (-0.10452846326765423, -0.9945218953682733), (0.104528463267653, -0.9945218953682734)]
Input data:[(1.0, 0.0), (0.9781476007338057, 0.20791169081775931), (0.9135454576426009, 0.40673664307580015), (0.8090169943749475, 0.5877852522924731), (0.6691306063588583, 0.7431448254773941), (0.5000000000000001, 0.8660254037844386), (0.30901699437494745, 0.9510565162951535), (0.10452846326765344, 0.9945218953682733), (-0.10452846326765333, 0.9945218953682734), (-0.30901699437494734, 0.9510565162951536), (-0.4999999999999998, 0.8660254037844388), (-0.6691306063588579, 0.7431448254773945), (-0.8090169943749473, 0.5877852522924732), (-0.913545457642601, 0.40673664307580004), (-0.9781476007338057, 0.2079116908177593), (-1.0, 5.66553889764798e-16), (-0.9781476007338057, -0.20791169081775907), (-0.9135454576426009, -0.4067366430758002), (-0.8090169943749475, -0.587785252292473), (-0.6691306063588585, -0.743144825477394), (-0.5000000000000004, -0.8660254037844384), (-0.30901699437494756, -0.9510565162951535), (-0.10452846326765423, -0.9945218953682733), (0.104528463267653, -0.9945218953682734), (0.30901699437494723, -0.9510565162951536), (0.5, -0.8660254037844386), (0.6691306063588585, -0.743144825477394), (0.8090169943749473, -0.5877852522924732), (0.913545457642601, -0.40673664307580015), (0.9781476007338057, -0.20791169081775898), (1.0, -1.133107779529596e-15)]
Hull data:[(0.104528463267653, -0.9945218953682734), (0.30901699437494723, -0.9510565162951536), (0.5, -0.8660254037844386), (0.6691306063588585, -0.743144825477394), (0.8090169943749473, -0.5877852522924732), (0.913545457642601, -0.40673664307580015), (0.9781476007338057, -0.20791169081775898), (1.0, -1.133107779529596e-15), (1.0, 0.0), (0.9781476007338057, 0.20791169081775931), (0.9135454576426009, 0.40673664307580015), (0.8090169943749475, 0.5877852522924731), (0.6691306063588583, 0.7431448254773941), (0.5000000000000001, 0.8660254037844386), (0.30901699437494745, 0.9510565162951535), (0.10452846326765344, 0.9945218953682733), (-0.10452846326765333, 0.9945218953682734), (-0.30901699437494734, 0.9510565162951536), (-0.4999999999999998, 0.8660254037844388), (-0.6691306063588579, 0.7431448254773945), (-0.8090169943749473, 0.5877852522924732), (-0.913545457642601, 0.40673664307580004), (-0.9781476007338057, 0.2079116908177593), (-1.0, 5.66553889764798e-16), (-0.9781476007338057, -0.20791169081775907), (-0.9135454576426009, -0.4067366430758002), (-0.8090169943749475, -0.587785252292473), (-0.6691306063588585, -0.743144825477394), (-0.5000000000000004, -0.8660254037844384), (-0.30901699437494756, -0.9510565162951535), (-0.10452846326765423, -0.9945218953682733), (0.104528463267653, -0.9945218953682734)]
Input data:[(1.0, 0.0), (0.9781476007338057, 0.20791169081775931), (0.9135454576426009, 0.40673664307580015), (0.8090169943749475, 0.5877852522924731), (0.6691306063588583, 0.7431448254773941), (0.5000000000000001, 0.8660254037844386), (0.30901699437494745, 0.9510565162951535), (0.10452846326765344, 0.9945218953682733), (-0.10452846326765333, 0.9945218953682734), (-0.30901699437494734, 0.9510565162951536), (-0.4999999999999998, 0.8660254037844388), (-0.6691306063588579, 0.7431448254773945), (-0.8090169943749473, 0.5877852522924732), (-0.913545457642601, 0.40673664307580004), (-0.9781476007338057, 0.2079116908177593), (-1.0, 5.66553889764798e-16), (-0.9781476007338057, -0.20791169081775907), (-0.9135454576426009, -0.4067366430758002), (-0.8090169943749475, -0.587785252292473), (-0.6691306063588585, -0.743144825477394), (-0.5000000000000004, -0.8660254037844384), (-0.30901699437494756, -0.9510565162951535), (-0.10452846326765423, -0.9945218953682733), (0.104528463267653, -0.9945218953682734), (0.30901699437494723, -0.9510565162951536), (0.5, -0.8660254037844386), (0.6691306063588585, -0.743144825477394), (0.8090169943749473, -0.5877852522924732), (0.913545457642601, -0.40673664307580015), (0.9781476007338057, -0.20791169081775898), (1.0, -1.133107779529596e-15)]
Hull data:[(0.104528463267653, -0.9945218953682734), (0.30901699437494723, -0.9510565162951536), (0.5, -0.8660254037844386), (0.6691306063588585, -0.743144825477394), (0.8090169943749473, -0.5877852522924732), (0.913545457642601, -0.40673664307580015), (0.9781476007338057, -0.20791169081775898), (1.0, -1.133107779529596e-15), (1.0, 0.0), (0.9781476007338057, 0.20791169081775931), (0.9135454576426009, 0.40673664307580015), (0.8090169943749475, 0.5877852522924731), (0.6691306063588583, 0.7431448254773941), (0.5000000000000001, 0.8660254037844386), (0.30901699437494745, 0.9510565162951535), (0.10452846326765344, 0.9945218953682733), (-0.10452846326765333, 0.9945218953682734), (-0.30901699437494734, 0.9510565162951536), (-0.4999999999999998, 0.8660254037844388), (-0.6691306063588579, 0.7431448254773945), (-0.8090169943749473, 0.5877852522924732), (-0.913545457642601, 0.40673664307580004), (-0.9781476007338057, 0.2079116908177593), (-1.0, 5.66553889764798e-16), (-0.9781476007338057, -0.20791169081775907), (-0.9135454576426009, -0.4067366430758002), (-0.8090169943749475, -0.587785252292473), (-0.6691306063588585, -0.743144825477394), (-0.5000000000000004, -0.8660254037844384), (-0.30901699437494756, -0.9510565162951535), (-0.10452846326765423, -0.9945218953682733), (0.104528463267653, -0.9945218953682734)]
